plt.annotate("hola", (12,precios[12]), textcoords="offset points", xytext=(0,10), ha='center')

2011,18.06,2.34
2012,17.95,2.33
2013,17.83,2.32
2014,17.70,2.31
2015,17.55,2.30
2016,17.38,2.29
2017,17.21,2.28

2018	17,02‰	2,26

La tasa de natalidad en Argentina (número de nacimientos por cada mil habitantes en un año) fue en 2018 del 17,02‰, y el índice de Fecundidad (número medio de hijos por mujer) de 2,26.

2018	17,02‰	2,26
2017	17,21‰	2,28
2016	17,38‰	2,29
2015	17,55‰	2,30
2014	17,70‰	2,31
2013	17,83‰	2,32
2012	17,95‰	2,33
2011	18,06‰	2,34
2010	18,15‰	2,35
2009	18,25‰	2,36
2008	18,36‰	2,37
2007	18,47‰	2,38
2006	18,60‰	2,40
2005	18,74‰	2,42
2004	18,88‰	2,44
2003	19,03‰	2,46
2002	19,18‰	2,49
2001	19,33‰	2,51
2000	19,50‰	2,54
1999	19,70‰	2,58
1998	19,95‰	2,62
1997	20,23‰	2,67
1996	20,55‰	2,72
1995	20,88‰	2,77
1994	21,21‰	2,83
1993	21,53‰	2,88
1992	21,80‰	2,93
1991	22,04‰	2,97
1990	22,23‰	3,00
1989	22,37‰	3,02
1988	22,49‰	3,04
1987	22,61‰	3,06
1986	22,73‰	3,08
1985	22,89‰	3,10
1984	23,13‰	3,12
1983	23,45‰	3,16
1982	23,85‰	3,20
1981	24,29‰	3,25
1980	24,72‰	3,30
1979	25,07‰	3,34
1978	25,28‰	3,36
1977	25,32‰	3,36
1976	25,19‰	3,34
1975	24,91‰	3,30
1974	24,52‰	3,25
1973	24,10‰	3,20
1972	23,70‰	3,15
1971	23,35‰	3,11
1970	23,09‰	3,08
1969	22,92‰	3,06
1968	22,83‰	3,05
1967	22,80‰	3,05
1966	22,83‰	3,05
1965	22,91‰	3,06
1964	23,03‰	3,07
1963	23,19‰	3,08
1962	23,37‰	3,09
1961	23,57‰	3,10
1960	23,78‰	3,11
